2.50
3.84
4.88
4.88
3.97
2.34
0.91
0.08
0.18
1.30
2.81
4.21
4.96
4.69
3.56
2.03
0.68
0.00
0.39
1.58
3.27
4.61
5.00
4.43
3.12
1.44
0.31
0.02
0.68
2.03
3.70
4.76
4.96
4.21
2.66
1.16
0.12
0.12
1.16
2.66
4.09
4.92
4.76
3.70
2.19
0.79
0.02
0.31
1.44
2.97
4.43
5.00
4.61
3.27
1.58
0.39
0.00
0.57
1.88
3.56
4.69
4.98
4.32
2.81
1.30
0.24
0.04
0.91
2.34
3.97
4.88
4.82
3.84
2.34
0.91
0.04
0.24
1.30
2.81
4.32
4.98
4.69
3.56
1.88
0.57
0.00
0.48
1.88
3.42
4.61
5.00
4.43
2.97
1.44
0.31
0.02
0.79
2.19
3.70
4.76
4.92
4.09
2.50
1.03
0.08
0.18
1.16
2.66
4.21
4.96
4.76
3.70
2.03
0.68
0.02
0.31
1.44
3.12
4.43
5.00
4.52
3.12
1.58
0.39
0.00
0.68
2.03
3.56
4.69
4.96
4.21
2.81
1.30
0.18
0.08
1.03
2.50
4.09
4.92
4.82
3.84
2.19
0.79
0.04
0.24
1.30
2.97
4.32
4.98
4.69
3.42
1.73
0.48
0.00
0.57
1.88
3.42
4.61
4.98
4.32
2.97
1.44
0.24
0.04
0.79
2.19
3.84
4.88
4.88
3.97
2.34
0.91
0.08
0.18
1.30
2.81
4.21
4.96
4.76
3.56
2.03
0.68
0.02
0.48
1.73
3.27
4.52
5.00
4.43
3.12
1.58
0.31
0.02
0.68
2.03
3.70
4.76
4.96
4.21
2.50
1.03
0.12
0.12
1.16
2.66
4.09
4.92
4.82
3.70
2.19
0.79
0.04
0.31
1.44
2.97
4.32
5.00
4.52
3.27
1.73
0.39
0.00
0.57
1.88
3.56
4.69
4.98
4.32
2.81
1.30
0.24
0.04
0.79
2.50
3.97
4.88
4.88
3.84
2.34
0.91
0.08
0.24
1.30
2.81
4.21
4.98
4.69
3.56
1.88
0.48
0.00
0.48
1.73
3.42
4.61
5.00
4.43
2.97
1.44
0.31
0.02
0.79
2.19
3.70
4.76
4.92
3.97
2.50
1.03
0.12
0.18
1.16
2.66
4.09
4.96
4.76
3.70
2.19
0.68
0.02
0.31
1.58
3.27
4.52
5.00
4.52
3.12
1.58
0.39
0.00
0.68
2.03
3.56
4.69
4.98
4.21
2.81
1.16
0.18
0.12
1.03
2.50
3.97
4.92
4.82
3.84
2.34
0.79
0.04
0.24
1.30
2.97
4.32
4.98
4.61
3.27
1.73
0.48
0.00
0.57
1.88
3.42
4.61
5.00
4.32
2.97
1.44
0.31
0.04
0.79
2.34
3.84
4.88
4.88
3.97
2.50
0.91
0.08
0.18
1.16
2.81
4.21
4.96
4.76
3.56
2.03
0.57
0.00
0.48
1.73
3.27
4.52
5.00
4.43
3.12
1.58
0.39
0.02
0.68
2.03
3.56
4.76
4.92
4.09
2.66
1.03
0.12
0.12
1.03
2.66
4.09
4.92
4.82
3.70
2.19
0.79
0.04
0.31
1.58
3.12
4.43
5.00
4.52
3.27
1.73
0.48
0.00
0.57
1.88
3.42
4.69
4.98
4.32
2.97
1.16
0.18
0.08
0.91
2.50
3.97
4.88
4.88
3.84
2.34
0.91
0.08
0.24
1.30
2.81
4.21
5.00
4.61
3.42
1.88
0.57
0.00
0.48
1.73
3.27
4.61
5.00
4.43
3.12
1.44
0.31
0.02
0.79
2.34
3.84
4.82
4.92
3.97
2.50
1.03
0.12
0.18
1.16
2.66
4.09
4.92
4.76
3.70
2.03
0.68
0.00
0.39
1.58
3.12
4.52
5.00
4.52
3.27
1.58
0.39
0.00
0.57
2.03
3.56
4.76
4.96
4.09
2.66
1.16
0.18
0.12
1.03
2.50
3.97
4.88
4.82
3.84
2.34
0.91
0.04
0.31
1.44
2.97
4.43
5.00
4.61
3.42
1.73
0.48
0.00
0.48
1.88
3.42
4.61
5.00
4.32
2.81
1.30
0.24
0.08
0.91
2.34
3.84
4.88
4.88
3.97
2.50
1.03
0.08
0.18
1.16
2.66
4.32
4.98
4.69
3.56
1.88
0.57
0.00
0.39
1.73
3.27
4.52
5.00
4.43
3.12
1.58
0.39
0.04
0.79
2.19
3.70
4.82
4.92
4.09
2.66
1.16
0.12
0.12
1.03
2.50
4.09
4.92
4.82
3.84
2.03
0.68
0.02
0.31
1.58
3.12
4.43
5.00
4.52
3.27
1.73
0.48
0.00
0.57
1.88
3.42
4.76
4.96
4.21
2.81
1.30
0.18
0.08
0.91
2.34
3.97
4.88
4.88
3.97
2.34
0.91
0.04
0.24
1.44
2.97
4.32
4.98
4.61
3.42
1.88
0.57
0.00
0.48
1.73
3.27
4.61
5.00
4.43
2.97
1.44
0.24
0.04
0.79
2.19
3.84
4.82
4.92
4.09
2.50
1.03
0.12
0.12
1.16
2.66
4.21
4.96
4.69
3.56
2.03
0.68
0.00
0.39
1.58
3.12
4.52
5.00
4.52
3.27
1.73
0.39
0.02
0.68
2.03
3.70
4.76
4.96
4.21
2.66
1.16
0.18
0.08
1.03
2.50
3.97
4.88
4.82
3.70
2.19
0.79
0.02
0.31
1.44
2.97
4.43
5.00
4.61
3.42
1.88
0.48
0.00
0.48
1.73
3.42
4.69
4.98
4.32
2.81
1.30
0.24
0.04
0.91
2.34
3.84
4.82
4.88
3.97
2.50
1.03
0.08
0.24
1.30
2.81
4.32
4.98
4.69
3.56
2.03
0.57
0.00
0.39
1.58
3.27
4.52
5.00
4.52
2.97
1.44
0.31
0.02
0.79
2.19
3.70
4.76
4.92
4.09
2.66
1.16
0.12
0.12
1.03
2.50
4.21
4.96
4.76
3.70
2.19
0.68
0.02
0.31
1.44
3.12
4.43
5.00
4.61
3.27
1.73
0.48
0.00
0.68
2.03
3.56
4.69
4.96
4.21
2.81
1.30
0.18
0.08
0.91
2.34
3.97
4.88
4.88
3.84
2.19
0.79
0.04
0.24
1.30
2.97
4.32
4.98
4.69
3.42
1.88
0.57
0.00
0.48
1.88
3.42
4.61
4.98
4.32
2.97
1.44
0.24
0.04
0.79
2.19
3.84
4.82
4.92
4.09
2.66
0.91
0.08
0.18
1.16
2.81
4.21
4.96
4.76
3.56
2.03
0.68
0.02
0.39
1.58
3.12
4.43
5.00
4.43
3.12
1.58
0.31
0.02
0.68
2.03
3.70
4.76
4.96
4.21
2.81
1.16
0.18
0.08
1.03
2.66
4.09
4.92
4.82
3.70
2.19
0.79
0.04
0.31
1.44
2.97
4.32
5.00
4.61
3.27
1.73
0.39
0.00
0.57
1.88
3.56
4.69
4.98
4.32
2.81
1.30
0.24
0.04
0.79
2.34
3.97
4.88
4.88
3.84
2.34
0.91
0.08
0.24
1.30
2.81
4.21
4.98
4.69
3.56
2.03
0.57
0.00
0.48
1.73
3.42
4.61
5.00
4.43
2.97
1.44
0.31
0.02
0.68
2.19
3.70
4.76
4.92
3.97
2.50
1.03
0.12
0.18
1.16
2.66
4.09
4.96
4.76
3.70
2.19
0.68
0.02
0.31
1.58
3.27
4.52
5.00
4.52
3.12
1.58
0.39
0.00
0.57
2.03
3.56
4.69
4.98
4.21
2.81
1.16
0.18
0.12
1.03
2.50
3.97
4.92
4.82
3.84
2.34
0.79
0.04
0.24
1.30
2.97
4.32
5.00
4.61
3.27
1.73
0.48
0.00
0.48
1.88
3.42
4.61
5.00
4.32
2.97
1.44
0.31
0.04
0.91
2.34
3.84
4.88
4.88
3.97
2.50
0.91
0.08
0.18
1.16
2.81
4.21
4.96
4.76
3.42
1.88
0.57
0.00
0.39
1.73
3.27
4.52
5.00
4.43
3.12
1.58
0.39
0.02
0.68
2.03
3.56
4.82
4.92
4.09
2.66
1.03
0.12
0.12
1.03
2.66
4.09
4.92
4.82
3.70
2.19
0.79
0.02
0.39
1.58
3.12
4.43
5.00
4.52
3.27
1.73
0.48
0.00
0.57
1.88
3.42
4.69
4.98
4.21
2.81
1.16
0.18
0.08
0.91
2.50
3.97
4.88
4.88
3.84
2.34
0.91
0.08
0.18
1.30
2.97
4.32
4.98
4.61
3.42
1.88
0.57
0.00
0.48
1.73
3.27
4.61
5.00
4.43
3.12
1.44
0.24
0.04
0.79
2.34
3.84
4.82
4.92
3.97
2.50
1.03
0.12
0.12
1.16
2.66
4.09
4.92
4.69
3.56
2.03
0.68
0.00
0.39
1.58
3.12
4.52
5.00
4.52
3.27
1.58
0.39
0.00
0.57
2.19
3.70
4.76
4.96
4.09
2.66
1.16
0.18
0.12
1.03
2.50
3.97
4.88
4.82
3.84
2.34
0.79
0.02
0.31
1.44
2.97
4.43
5.00
4.61
3.42
1.73
0.48
0.00
0.48
1.88
3.42
4.69
4.98
4.21
2.81
1.30
0.24
0.08
0.91
2.34
3.84
4.82
4.88
3.97
2.50
1.03
0.08
0.24
1.30
2.81
4.32
4.98
4.69
3.56
1.88
0.57
0.00
0.39
1.73
